0.00668458454310894
0.004575616680085659
0.021447358652949333
-0.05029129236936569
-0.002237193053588271
0.013510891236364841
-0.03217778727412224
0.012525581754744053
-0.001132937497459352
-0.013288185000419617
0.012140906415879726
0.018356455489993095
-0.003799516474828124
0.004201063886284828
-0.024065854027867317
0.019368760287761688
0.014901123009622097
0.01623736508190632
0.03020716831088066
-0.01029176265001297
-0.005763387307524681
0.03811664134263992
-0.013166707940399647
-0.002117403782904148
-0.02966727316379547
0.0011388426646590233
0.013139713555574417
-0.016007909551262856
0.007403320632874966
-0.021784793585538864
0.021055934950709343
-0.010608951561152935
-0.004663349594920874
-0.011277073062956333
-0.021136919036507607
-0.002073537092655897
-0.004342786502093077
-0.03574109822511673
0.011236581020057201
-0.012572823092341423
0.014266745187342167
0.016142884269356728
-0.011297319084405899
-0.007983708754181862
0.019139304757118225
0.019449744373559952
0.004305668640881777
-0.039817314594984055
0.005209994036704302
0.005999591667205095
0.013821331784129143
0.008219912648200989
-0.020839976146817207
-0.03069307468831539
-0.0186803936958313
0.012836022302508354
-0.035957057029008865
0.02694079838693142
0.028830433264374733
-0.005766761489212513
-0.0016956101171672344
0.00420443806797266
-0.01735764928162098
0.005861243233084679
-0.005490065086632967
-0.013409661129117012
-0.010953135788440704
0.004238181747496128
-0.006924163084477186
0.031988825649023056
0.004484509117901325
0.039763323962688446
0.00011757495667552575
0.03171887621283531
0.031853850930929184
0.009893589653074741
0.009468422271311283
0.020124614238739014
-0.00520661985501647
0.010818161070346832
0.017141690477728844
-0.027804631739854813
0.023310000076889992
-0.018734382465481758
-0.004919799976050854
0.003322046250104904
-0.010629197582602501
0.019571222364902496
-0.013753844425082207
-0.011418795213103294
0.016601795330643654
0.009454924613237381
0.012863016687333584
0.03441835567355156
-0.008361635729670525
-0.011452538892626762
0.022419171407818794
0.02947830967605114
-0.022135727107524872
-0.018410446122288704
0.002137649804353714
0.014820138923823833
0.011472784914076328
0.004740959499031305
-0.022945569828152657
0.012626811861991882
-0.003409779164940119
0.0014037289656698704
0.018950341269373894
-0.021474353969097137
-0.016952726989984512
0.046080105006694794
0.013578378595411777
-0.010541465133428574
0.03193483501672745
0.009616893716156483
0.01573796197772026
-0.00571952061727643
-0.004190940875560045
-0.004420396406203508
0.023161528632044792
0.009076997637748718
-0.0028513246215879917
-0.006525990087538958
0.005334844812750816
0.029019396752119064
-0.015859438106417656
-0.022999560460448265
-0.006559733767062426
-0.009542657993733883
0.031502917408943176
-0.012505335733294487
0.018396947532892227
0.01745213009417057
0.006377518642693758
-0.0005019343225285411
-0.007153619080781937
0.02082647942006588
0.004518252797424793
-0.019544227048754692
0.02088046818971634
0.009886841289699078
-0.016048401594161987
-0.011094857938587666
-0.0006917414721101522
0.00019929745758417994
-0.0009169792174361646
-0.0017951533664017916
-0.006728450767695904
0.002257439075037837
0.013038482517004013
0.0038062650710344315
-0.002788899000734091
-0.014563688077032566
-0.0014948364114388824
0.01842394284904003
-0.005810628179460764
0.006505744066089392
0.006229047197848558
-0.0253211110830307
-0.0373607873916626
0.006073827389627695
-0.004187566693872213
-0.010784418322145939
0.027399709448218346
0.01896383799612522
-0.005928730592131615
0.00420443806797266
-0.010953135788440704
-0.025348106399178505
-0.02772364765405655
0.0071333725936710835
-0.01612938567996025
-0.013112718239426613
-0.020367568358778954
-0.021892772987484932
0.016696276143193245
0.015859438106417656
-0.024025361984968185
0.002410972025245428
-0.004447391256690025
-0.0003374348452780396
0.02634691260755062
0.0036949117202311754
-0.004076213110238314
0.017479125410318375
0.021379873156547546
0.0077542527578771114
0.011398549191653728
-0.004896179772913456
0.01911230944097042
0.001909881248138845
-0.020070625469088554
-0.01681775227189064
-0.6353493332862854
-0.035606127232313156
-0.017978528514504433
-0.036928869783878326
0.026184944435954094
0.015764957293868065
-0.00008926206646719947
0.0059692226350307465
0.02073199674487114
0.011385051533579826
-0.006620471831411123
-0.0004104051331523806
0.02146085724234581
-0.016048401594161987
-0.014914620667696
-0.010177034884691238
0.004454140085726976
-0.029829241335392
-0.0036915373057127
0.006532738916575909
-0.007774499244987965
0.02425481751561165
-0.01217464916408062
-0.01097338180989027
-0.008219912648200989
0.01527904998511076
0.00863158330321312
-0.03231276199221611
-0.014928118325769901
0.018855860456824303
-0.03441835567355156
0.008321143686771393
0.03163789212703705
-0.017870549112558365
0.048914555460214615
0.023687927052378654
-0.003453645622357726
-0.0012569448444992304
0.008037698455154896
0.0328526571393013
0.005493439268320799
-0.0286414697766304
0.020610520616173744
0.023633936420083046
-0.023944377899169922
0.00319550815038383
0.020570028573274612
-0.0035666862968355417
0.0005799661739729345
-0.05288279056549072
0.01324769202619791
-0.009765364229679108
0.00948191899806261
-0.00018769814050756395
0.003624050412327051
0.01739814132452011
0.03663192689418793
-0.028803439810872078
0.02649538405239582
-0.012032927013933659
-0.0037219063378870487
0.0006377518875524402
-0.0222976952791214
-0.016439825296401978
-0.013713352382183075
0.03139493986964226
0.01687174290418625
-0.015049594454467297
0.0013666111044585705
-0.009286207146942616
0.0038535059429705143
0.0071401214227080345
-0.010919392108917236
-0.017776068300008774
0.00019465772493276745
0.022716114297509193
0.015292547643184662
-0.011776476167142391
0.005341593641787767
-0.00038151227636262774
-0.0068634250201284885
0.0071401214227080345
-0.003350728191435337
-0.03576809540390968
0.027494192123413086
0.0003458707360550761
-0.0065293642692267895
0.018248476088047028
0.04014125093817711
-0.003426651004701853
0.015629982575774193
-0.0034857019782066345
-0.016102390363812447
-0.019908657297492027
-0.014509698376059532
0.00030179330497048795
-0.009637139737606049
-0.01366611197590828
-0.005965847987681627
-0.002849637297913432
0.019544227048754692
-0.008901531808078289
0.0018879480194300413
0.04024922847747803
-0.007011896464973688
0.007362828589975834
-0.004069464281201363
0.012107162736356258
0.0295322984457016
-0.021433861926198006
0.020016634836792946
-0.03671291097998619
-0.0026707968208938837
-0.004255053587257862
0.013159959577023983
-0.019638707861304283
0.022351684048771858
0.008341389708220959
-0.0010468916734680533
-0.02972126193344593
0.005554177798330784
0.013389415107667446
0.005989468656480312
-0.006441631354391575
-0.013011488132178783
-0.0050041587091982365
0.015117081813514233
0.009583150036633015
-0.012431100010871887
-0.0029002525843679905
0.010912642814218998
-0.0036949117202311754
0.0011363119119778275
-0.014914620667696
0.01293050404638052
-0.010905894450843334
0.05196496844291687
-0.005921981763094664
0.00199255277402699
-0.013598624616861343
-0.015198065899312496
-0.005894986912608147
-0.010689936578273773
-0.008462865836918354
-0.004629606381058693
-0.026670850813388824
-0.003826511325314641
0.0018221482168883085
-0.001161619438789785
0.01214765477925539
0.002631991868838668
-0.007254849188029766
-0.009434678591787815
0.044703368097543716
-0.002486894838511944
-0.018788373097777367
-0.011614507995545864
-0.03123296983540058
-0.003077405970543623
-0.00017757508612703532
-0.02742670476436615
0.009920584969222546
-0.020651012659072876
-0.003627424594014883
0.005409080535173416
0.010386244393885136
0.0002868196170311421
0.022594638168811798
-0.025874504819512367
-0.01395630557090044
-0.007288592867553234
0.011331062763929367
0.006957906764000654
0.009245715104043484
0.00301160616800189
0.044757358729839325
-0.02127189375460148
0.007396571803838015
0.014752651564776897
-0.021690312772989273
0.004093084950000048
0.006117694079875946
-0.010892396792769432
0.0012636935571208596
0.015387029387056828
0.03479628264904022
0.03846757486462593
0.01204642467200756
0.008253656327724457
-0.011081360280513763
0.00697815278545022
-0.013308431021869183
-0.02058352530002594
-0.004531749989837408
-0.0002448511659167707
0.017182182520627975
0.00016059790505096316
-0.010575207881629467
-0.004012100398540497
-0.0028614476323127747
0.012950750067830086
-0.012970996089279652
0.029262350872159004
0.0025982484221458435
0.023647435009479523
-0.026468390598893166
0.015063092112541199
-0.005992842838168144
0.025834012776613235
0.014010295271873474
0.016939230263233185
-0.026711342856287956
0.01847793348133564
-0.01814049854874611
-0.0010300198337063193
0.023296501487493515
-0.004923174623399973
0.033851463347673416
-0.003937864676117897
0.009286207146942616
-0.008300897665321827
0.010966632515192032
0.025995980948209763
0.012140906415879726
-0.01513057854026556
0.026616862043738365
0.009691129438579082
0.009157981723546982
-0.021730804815888405
-0.020799484103918076
0.02444378100335598
-0.022014249116182327
-0.015063092112541199
0.003701660316437483
0.016048401594161987
0.015508505515754223
0.01410477701574564
-0.02590150013566017
0.032339755445718765
-0.011128601618111134
-0.009130987338721752
0.014577185735106468
0.023350492119789124
-0.024322304874658585
0.0065698567777872086
0.03638897463679314
0.042111869901418686
0.03460731729865074
-0.04532425105571747
-0.007011896464973688
-0.02869546040892601
0.026522379368543625
-0.02660336345434189
0.025213131681084633
0.019962646067142487
0.014266745187342167
0.027750642970204353
0.026238935068249702
0.015414023771882057
0.024821707978844643
0.01877487450838089
-0.030126184225082397
0.012316372245550156
0.025739530101418495
-0.015360035002231598
-0.018950341269373894
-0.026427898555994034
-0.031178981065750122
0.0005668905796483159
-0.013632368296384811
-0.03045012056827545
-0.021622825413942337
0.012404105626046658
0.027831627056002617
0.01366611197590828
0.010075804777443409
-0.029883230105042458
0.004572242498397827
0.03943938389420509
0.01666928268969059
-0.017101198434829712
-0.04659300297498703
0.016399333253502846
0.03301462531089783
0.001078104367479682
0.01872088573873043
-0.025753028690814972
0.009097243659198284
-0.010305260308086872
0.004359658341854811
-0.02267562225461006
0.02390388585627079
-0.0032764924690127373
-0.0018322712276130915
-0.0028715706430375576
0.006272913888096809
0.0176410935819149
-0.007221105974167585
-0.007619278971105814
0.020758992061018944
0.007268346846103668
-0.004818569868803024
-0.023876890540122986
-0.007855483330786228
0.044217463582754135
-0.0019200043752789497
-0.0030014829244464636
0.020205598324537277
0.022567642852663994
-0.032096803188323975
-0.007153619080781937
-0.014118274673819542
-0.02356645092368126
0.004656600765883923
0.02958628721535206
0.013477148488163948
-0.021825285628437996
-0.02669784612953663
0.03333856537938118
-0.006009714677929878
0.013706604018807411
-0.02630642056465149
-0.0013185266871005297
0.006822932977229357
0.04302969202399254
0.010716930963099003
-0.012620063498616219
-0.008759808726608753
-0.02024609036743641
0.0009692815947346389
-0.006043458357453346
-0.02552357316017151
-0.0031128365080803633
-0.004548621829599142
-0.0005289291148073971
-0.002394100185483694
0.02384989522397518
-0.007470807526260614
0.033608511090278625
0.036173015832901
0.0010991940507665277
-0.029316339641809464
0.0004137794894631952
-0.04907652363181114
0.016102390363812447
-0.02297256514430046
0.027993595227599144
0.004103207960724831
-0.007707011885941029
-0.0340404286980629
0.01858591102063656
-0.010662941262125969
-0.0011801783693954349
-0.046566009521484375
-0.010042061097919941
0.0006820401758886874
0.0013219009852036834
-0.003453645622357726
0.005733018275350332
0.02410634607076645
0.008881285786628723
0.015049594454467297
-0.01181021984666586
0.005787007976323366
0.0391964316368103
-0.00024232039868365973
-0.00016587032587267458
-0.02004363015294075
-0.009178227744996548
-0.010541465133428574
-0.005685777403414249
0.03031514771282673
0.017033711075782776
-0.010096050798892975
-0.006566482130438089
-0.016439825296401978
-0.024997174739837646
0.0004660818958655
0.016736768186092377
-0.008746311068534851
-0.0217038094997406
0.008901531808078289
-0.009569652378559113
-0.03733379393815994
0.0014686852227896452
0.0007410913240164518
-0.004757831338793039
-0.018356455489993095
-0.01398329995572567
-0.035120218992233276
0.006708204746246338
0.002409284934401512
-0.0047375853173434734
0.01696622371673584
0.009623642079532146
-0.040654152631759644
-0.01239735633134842
0.003472204552963376
-0.014563688077032566
0.004120079334825277
0.024659739807248116
-0.03687487915158272
-0.018558917567133904
0.0024700232315808535
-0.03139493986964226
0.0027652785647660494
-0.007302090059965849
-0.034202396869659424
-0.005176250822842121
0.01735764928162098
0.015899930149316788
-0.0003176105674356222
-0.003335543442517519
0.005395583342760801
0.012356864288449287
0.0022220085375010967
0.0008807049598544836
-0.0029997958336025476
-0.0035801837220788
0.023944377899169922
0.008388630114495754
0.0030284777749329805
0.0021123422775417566
-0.034985244274139404
-0.0037151577416807413
0.000010953452147077769
0.003981731366366148
-0.0053652143105864525
0.021865777671337128
-0.01561648491770029
0.0026370533742010593
0.04308368265628815
-0.0031550158746540546
-0.010534715838730335
-0.008125430904328823
-0.013261189684271812
0.014658169820904732
0.00860458891838789
-0.010170286521315575
-0.002065101405605674
0.01251208409667015
-0.02317502535879612
-0.0016374025726690888
-0.015441019088029861
0.011493030935525894
-0.009178227744996548
-0.008672075346112251
0.026360411196947098
-0.03954736515879631
0.01857241429388523
0.005469819065183401
-0.0028715706430375576
-0.018612906336784363
-0.01892334595322609
0.007882478646934032
0.025037666782736778
-0.012363612651824951
-0.013787588104605675
-0.011405298486351967
-0.002098844852298498
0.021258395165205002
0.0044608889147639275
-0.02972126193344593
-0.014455709606409073
0.00571952061727643
0.011445790529251099
0.018936844542622566
0.005115512292832136
-0.03495825082063675
-0.032771673053503036
-0.001690548611804843
0.02336398884654045
-0.009515662677586079
0.04033021256327629
-0.022648626938462257
0.017128193750977516
0.006394390482455492
-0.009718123823404312
0.005807253997772932
-0.04440642520785332
0.002147772815078497
-0.00378264463506639
0.03441835567355156
-0.008489861153066158
0.02205474115908146
0.0005226022331044078
0.009886841289699078
0.010271516628563404
-0.009157981723546982
-0.008807050064206123
-0.01965220645070076
-0.012923754751682281
-0.01102737057954073
0.014752651564776897
0.037711720913648605
0.024902692064642906
0.006043458357453346
-0.003951362334191799
0.02371492236852646
0.009880092926323414
0.009745118208229542
-0.007254849188029766
0.009029756300151348
0.00036843668203800917
-0.00036210977123118937
0.017951535061001778
0.019490236416459084
0.014185761101543903
-0.01347039919346571
-0.025010671466588974
0.031151985749602318
-0.019179796800017357
0.0017833431484177709
0.006154811941087246
0.03763073310256004
0.01657480001449585
-0.011263575404882431
-0.0043832785449922085
0.02000313811004162
-0.017236173152923584
0.0034857019782066345
-0.021892772987484932
0.006991649977862835
0.00619867816567421
0.029019396752119064
0.030234163627028465
0.0017884047701954842
-0.038899488747119904
0.00889478251338005
0.004639729391783476
-0.02268911898136139
-0.00941443257033825
0.007814991287887096
-0.0073088388890028
-0.03852156177163124
-0.03339255228638649
-0.03657793998718262
-0.024227822199463844
-0.006151437293738127
0.023687927052378654
0.01058870553970337
0.0250241681933403
-0.031367942690849304
-0.012579571455717087
-0.0009701251983642578
-0.016952726989984512
0.014658169820904732
-0.021325882524251938
0.0434076189994812
0.016507312655448914
0.025995980948209763
-0.021325882524251938
-0.018005523830652237
-0.015265553258359432
-0.001653430750593543
0.04141000658273697
-0.0027281607035547495
0.020988447591662407
0.007781247608363628
0.003931115847080946
0.008280651643872261
-0.019328268244862556
-0.05053424462676048
-0.007997206412255764
0.012275880202651024
0.0013969802530482411
-0.029991209506988525
-0.006957906764000654
-0.014145269058644772
0.024511268362402916
0.0002482255222275853
-0.029559293761849403
-0.010622449219226837
0.002071850001811981
0.013834829442203045
0.01000156905502081
-0.00916473101824522
0.021933265030384064
0.019868163391947746
0.0059692226350307465
0.0007014427101239562
-0.016453323885798454
0.003335543442517519
0.0043731555342674255
0.004724088124930859
-0.00011894578346982598
-0.013254441320896149
0.018302466720342636
0.002684294246137142
0.04575616493821144
-0.01843743957579136
-0.010372747667133808
0.0034924508072435856
0.022419171407818794
-0.020462049171328545
-0.02684631757438183
-0.008915028534829617
0.011162345297634602
-0.0031263339333236217
0.023876890540122986
-0.02942431904375553
-0.012545827776193619
-0.051155123859643936
-0.009211971424520016
0.026873311027884483
-0.004673472605645657
0.03412141278386116
-0.021433861926198006
-0.017236173152923584
0.00041420129127800465
-0.023107537999749184
-0.00763952499255538
0.025591058656573296
-0.01905832067131996
-0.0062459190376102924
-0.013051980175077915
-0.0077879964374005795
0.004973789677023888
0.01623736508190632
-0.004180817864835262
-0.0002141656877938658
0.018369954079389572
-0.017290161922574043
0.027993595227599144
-0.008516855537891388
0.016885239630937576
-0.01735764928162098
0.02052953653037548
-0.021622825413942337
-0.021541841328144073
0.026319919154047966
0.02224370464682579
0.0026977916713804007
-0.024119842797517776
-0.0027838374953716993
0.01666928268969059
-0.015238557942211628
0.0009557842276990414
0.0071738651022315025
0.012086916714906693
0.00896901823580265
-0.012356864288449287
-0.02345847152173519
0.013126215897500515
-0.002831078367307782
0.010177034884691238
0.015522003173828125
-0.014712159521877766
0.019422750920057297
-0.01789754442870617
0.008685573004186153
-0.019098812714219093
-0.04408248886466026
-0.027507688850164413
-0.0019503734074532986
-0.0038771263789385557
0.002907001180574298
-0.003772521624341607
-0.025753028690814972
0.008402127772569656
-0.008503357879817486
0.028803439810872078
-0.000007941582225612365
0.010980130173265934
-0.003961485344916582
-0.0074235666543245316
0.017722077667713165
0.01955772377550602
-0.015292547643184662
-0.0007423567003570497
-0.007808242458850145
-0.015387029387056828
-0.047294870018959045
0.007814991287887096
-0.013801085762679577
0.0032950513996183872
-0.021838784217834473
-0.009934081695973873
-0.04775378108024597
0.0047173392958939075
-0.06273588538169861
0.014037289656698704
-0.01633184775710106
0.010156788863241673
0.03657793998718262
0.04664699360728264
0.004778077360242605
0.02791261114180088
-0.010656192898750305
0.013423158787190914
-0.039034463465213776
-0.0025071408599615097
0.03363550454378128
0.017101198434829712
-0.014860630966722965
-0.0012130782706663013
-0.010136542841792107
-0.007747504394501448
0.019976142793893814
-0.0020246091298758984
-0.003031852189451456
0.04751082882285118
0.02293207310140133
0.00039500967250205576
0.006195303983986378
0.005888238083571196
-0.0013927624095231295
0.014212756417691708
0.010932888835668564
-0.024268314242362976
-0.010096050798892975
0.004228058736771345
-0.00940768327564001
-0.0016399334417656064
0.018599409610033035
-0.016358841210603714
0.01706070639193058
0.005422578193247318
-0.008881285786628723
-0.020327076315879822
-0.013747096061706543
-0.000055571301345480606
-0.006056955549865961
0.0037758960388600826
-0.024659739807248116
0.024322304874658585
-0.030909033492207527
-0.004228058736771345
-0.010345752350986004
0.007653022650629282
-0.02565854601562023
0.018315963447093964
0.026414399966597557
-0.010399742051959038
-0.0059422277845442295
-0.011992434971034527
0.00786898098886013
-0.030288152396678925
-0.0004960292135365307
-0.012059921398758888
-0.002750094048678875
-0.011877707205712795
0.025699038058519363
0.000658419739920646
0.0006373300566338003
-0.0025695664808154106
-0.0016433077398687601
-0.0022523775696754456
-0.018788373097777367
-0.020111117511987686
-0.0013193702325224876
-0.025199634954333305
0.020502541214227676
0.005554177798330784
-0.019638707861304283
-0.009346945211291313
0.028236549347639084
0.016156380996108055
-0.010345752350986004
0.0017900918610394
0.19684599339962006
-0.01818099059164524
0.02332349680364132
0.03431037440896034
-0.041086066514253616
-0.01285626832395792
0.0002141656877938658
-0.014779646880924702
-0.006424759514629841
0.02468673326075077
-0.0286414697766304
0.029559293761849403
0.001965557923540473
0.009360442869365215
0.03031514771282673
-0.008786804042756557
-0.004514878150075674
-0.02972126193344593
-0.023229015991091728
0.014293740503489971
0.005031153559684753
-0.0007204234134405851
-0.014847133308649063
-0.0110003761947155
-0.00334229227155447
0.004653226584196091
-0.013436655513942242
0.02658986672759056
0.019908657297492027
0.009886841289699078
-0.013119467534124851
0.0059860944747924805
-0.002797334920614958
0.0032494976185262203
-0.014307238161563873
-0.011621256358921528
0.011358057148754597
0.017587104812264442
0.006907291244715452
-0.0072278548032045364
-0.009427930228412151
-0.012316372245550156
-0.02009762078523636
-0.03290664777159691
0.0033406049478799105
0.013713352382183075
-0.014077781699597836
-0.022797098383307457
-0.03449933975934982
0.016385836526751518
-0.010872150771319866
-0.002922185929492116
0.002856386126950383
0.03169188275933266
0.01970619522035122
0.004562119022011757
0.009562904015183449
0.015805449336767197
-0.004147074185311794
0.009832851588726044
0.007470807526260614
0.016345344483852386
-0.011034119874238968
-0.0006145532242953777
-0.009319950826466084
0.019625211134552956
-0.0019436248112469912
-0.0018980710301548243
0.003671291284263134
-0.007470807526260614
-0.004842190071940422
0.0001452024298487231
-0.019773682579398155
0.00037518536555580795
-0.011911449953913689
-0.017857052385807037
0.048671603202819824
0.028182558715343475
-0.005554177798330784
0.02977525070309639
-0.0355791300535202
-0.030045200139284134
-0.008314394392073154
0.001316839479841292
0.000045527343900175765
-0.0179380364716053
0.033662501722574234
0.0074235666543245316
0.0001790513633750379
-0.004676847252994776
-0.0007010209374129772
-0.02268911898136139
0.00561154168099165
0.0030740315560251474
0.021879276260733604
0.003958110697567463
-0.016804255545139313
0.0053550912998616695
0.014847133308649063
-0.013308431021869183
-0.006097447592765093
0.047942742705345154
0.010177034884691238
-0.00008862937102094293
0.0025780024006962776
-0.005429327022284269
-0.014820138923823833
-0.00941443257033825
0.005496813915669918
-0.0038400087505578995
-0.006438257172703743
-0.02645489200949669
-0.0027754015754908323
-0.0221492238342762
-0.005368588492274284
0.005726269446313381
0.01031200960278511
-0.03876451775431633
0.0334465429186821
-0.006205426994711161
-0.010352501645684242
-0.02498367615044117
-0.04130202531814575
0.020785987377166748
-0.002613432938233018
-0.005523808766156435
-0.03973632678389549
0.010359250009059906
-0.011135349981486797
-0.02542909048497677
0.02058352530002594
-0.0005837623029947281
0.011688743717968464
0.001652587205171585
-0.029748257249593735
0.0002284012152813375
0.011324313469231129
-0.012458094395697117
-0.00646525202319026
0.027602171525359154
-0.010629197582602501
0.024578753858804703
0.021730804815888405
0.0021039063576608896
0.016844747588038445
-0.02942431904375553
0.0019402503967285156
-0.00830764602869749
-0.017533114179968834
-0.025388598442077637
-0.0289384126663208
-0.029505303129553795
0.0260634683072567
0.017587104812264442
0.0036173015832901
0.004997410345822573
0.004774703178554773
-0.02116391435265541
0.00356331211514771
0.039520371705293655
-0.005729643628001213
0.0008414781768806279
0.04308368265628815
0.009394186548888683
-0.0035835581365972757
-0.020408060401678085
-0.171146959066391
0.0035835581365972757
-0.0043900273740291595
-0.003597055561840534
0.008766557089984417
0.0031313954386860132
0.007005147635936737
0.01291025709360838
-0.0003945878706872463
0.009427930228412151
0.009576400741934776
-0.0009726559510454535
0.0019891783595085144
-0.003934490494430065
0.006191929802298546
0.00394798768684268
-0.020893966779112816
0.010150040499866009
0.025442587211728096
-0.00431579165160656
0.03636198118329048
-0.0028530117124319077
0.030774058774113655
0.018315963447093964
0.0020532910712063313
-0.0047274623066186905
-0.012012680992484093
-0.002166331745684147
-0.002228757133707404
-0.01691223494708538
0.00505814841017127
-0.01901782862842083
0.010419988073408604
-0.002476771827787161
0.019287776201963425
0.011385051533579826
-0.012154403142631054
0.005746515467762947
-0.023782407864928246
0.015117081813514233
-0.011965439654886723
0.0355791300535202
-0.0071603674441576
-0.017087701708078384
0.008577593602240086
-0.013186953961849213
0.016169877722859383
-0.022554146125912666
0.01309922058135271
0.0023350492119789124
0.0027737144846469164
-0.000922884326428175
0.006212175823748112
-0.01554899848997593
0.0031229595188051462
0.006002965848892927
-0.004143700003623962
-0.0018946967320516706
-0.002839514287188649
0.0000869949217303656
0.014712159521877766
-0.015805449336767197
0.009502165950834751
-0.016642287373542786
0.017047209665179253
-0.0183834508061409
-0.007362828589975834
-0.0002661517355591059
-0.02117741107940674
-0.007281844038516283
-0.003224190091714263
-0.028722453862428665
0.009400934912264347
-0.035957057029008865
0.010838407091796398
-0.016952726989984512
-0.047834765166044235
0.03530918434262276
-0.009468422271311283
-0.008489861153066158
-0.00830764602869749
0.01858591102063656
-0.002797334920614958
-0.01711469516158104
0.030396131798624992
-0.011978937312960625
0.003269743639975786
-0.013065477833151817
0.010210778564214706
-0.010959884151816368
0.030288152396678925
-0.02164982073009014
-0.018019020557403564
-0.006377518642693758
0.009515662677586079
-0.0007145183044485748
0.000776521977968514
0.015751458704471588
-0.010784418322145939
-0.019962646067142487
0.005267357919365168
-0.02634691260755062
-0.014266745187342167
-0.00697815278545022
0.019544227048754692
0.01554899848997593
-0.02772364765405655
-0.002615120029076934
0.00863158330321312
0.008712568320333958
-0.023984869942069054
-0.009650636464357376
0.03422939032316208
0.028479501605033875
-0.022027747705578804
0.01769508421421051
-0.006013089325278997
-0.03320359066128731
-0.014509698376059532
-0.012458094395697117
0.02625243179500103
0.008024200797080994
-0.007841985672712326
0.008807050064206123
0.009940830990672112
-0.03995228558778763
-0.09712725132703781
-0.014496201649308205
0.01989515870809555
-0.00557442381978035
0.005436075385659933
0.04292171448469162
-0.00010882274364121258
0.006775691639631987
0.0022878083400428295
0.03522820025682449
-0.00026973697822541
-0.03725280612707138
-0.01214765477925539
-0.02615794911980629
0.018761377781629562
-0.007781247608363628
-0.019085315987467766
-0.017128193750977516
-0.002623555948957801
0.01877487450838089
-0.010521219111979008
-0.016588296741247177
0.004093084950000048
-0.021244898438453674
-0.018693890422582626
0.009454924613237381
-0.02972126193344593
-0.007814991287887096
0.01896383799612522
-0.0006002122536301613
0.0024514643009752035
-0.029748257249593735
-0.00901625957340002
-0.011972188949584961
0.011385051533579826
0.015036096796393394
-0.02028658427298069
0.004720713477581739
0.011978937312960625
-0.005891612730920315
-0.014604180119931698
-0.01029176265001297
0.013679608702659607
-0.024038858711719513
0.030126184225082397
-0.007335833739489317
-0.00417744368314743
0.019530728459358215
-0.004889430943876505
-0.014091279357671738
-0.008523604832589626
-0.03290664777159691
-0.03549814596772194
-0.004602611530572176
0.009023007936775684
0.01784355565905571
-0.004602611530572176
-0.0003161342756357044
-0.009637139737606049
0.022257203236222267
0.020111117511987686
0.006424759514629841
-0.03142193332314491
0.013524388894438744
-0.026576370000839233
-0.002711289096623659
-0.016358841210603714
0.009272709488868713
0.022554146125912666
-0.015414023771882057
-0.02654937468469143
0.031259965151548386
-0.02375541441142559
-0.0032764924690127373
0.0027096017729490995
0.00921871978789568
-0.02248665876686573
0.010811412706971169
0.019733190536499023
0.012350115925073624
-0.01603490486741066
-0.025496577844023705
-0.006789189297705889
-0.017222674563527107
0.014401719905436039
0.03206980973482132
0.0033962817396968603
-0.008030949160456657
0.01185746118426323
-0.044028498232364655
0.014752651564776897
0.022756606340408325
0.029694266617298126
0.012539079412817955
0.002135962713509798
-0.005817377008497715
0.027602171525359154
0.0044440170750021935
-0.010318757966160774
-0.001553043955937028
-0.021190909668803215
0.019287776201963425
-0.05690501257777214
0.021528344601392746
0.018059512600302696
-0.04146399348974228
0.002154521644115448
-0.018612906336784363
0.012559325434267521
-0.04146399348974228
-0.009171479381620884
-0.0026100585237145424
-0.013996797613799572
0.010568459518253803
-0.0251726396381855
0.002814206760376692
-0.005881489720195532
0.004170694854110479
0.011567266657948494
-0.01166174840182066
0.0062965345568954945
0.003453645622357726
-0.013348923064768314
-0.010028563439846039
0.025874504819512367
-0.0016247488092631102
-0.006151437293738127
0.0110746119171381
-0.017762571573257446
0.012748288922011852
-0.0222976952791214
-0.0009060126030817628
-0.00023219735885504633
-0.022135727107524872
0.0009465047623962164
0.027345720678567886
-0.013861823827028275
0.018734382465481758
-0.004852313082665205
0.02996421419084072
0.00860458891838789
0.018707389011979103
-0.005810628179460764
-0.0032005696557462215
0.0026252432726323605
-0.019301272928714752
-0.005901735741645098
-0.002383977174758911
-0.01178322546184063
0.0021140293683856726
0.01413177140057087
0.0009017946431413293
0.005429327022284269
0.019517231732606888
-0.012485089711844921
-0.027696652337908745
0.0062357960268855095
-0.04648502543568611
0.03323058411478996
0.010467229411005974
0.010723679326474667
-0.0008359948405995965
0.035903070122003555
0.0005154317477717996
0.012059921398758888
0.008334641344845295
-0.00830764602869749
-0.0036510450299829245
-0.006097447592765093
0.002849637297913432
0.008982515893876553
-0.0295322984457016
-0.008138928562402725
0.01720917783677578
-0.005129009950906038
-0.004224684555083513
0.010993627831339836
0.024308806285262108
0.002923873020336032
0.02453826181590557
-0.0017310407711192966
-0.006843178998678923
0.006785815116018057
-0.000030158240406308323
0.013240943662822247
0.001626436016522348
0.052585847675800323
-0.03539016842842102
-0.016831250861287117
0.005108763463795185
-0.022014249116182327
-0.01293050404638052
-0.016115888953208923
0.0022338186390697956
-0.013180205598473549
0.015724463388323784
0.027305228635668755
-0.008651829324662685
0.0009372252970933914
0.0143207348883152
-0.0056419107131659985
0.01901782862842083
-0.013996797613799572
-0.012559325434267521
-0.006185180973261595
-0.015872934833168983
-0.04092409834265709
0.02086697146296501
-0.03350053355097771
-0.031071001663804054
-0.04483834281563759
0.012903508730232716
-0.009718123823404312
0.03247473016381264
0.020543033257126808
0.006586728151887655
-0.01774907298386097
0.011553768999874592
-0.00046355114318430424
0.013848326168954372
-0.018019020557403564
0.016291353851556778
-0.004555370658636093
0.0011160657741129398
0.04100508242845535
-0.007632776629179716
-0.01133781112730503
0.00048253184650093317
0.014712159521877766
-0.02826354280114174
0.009947579354047775
0.021879276260733604
-0.01210041344165802
-0.0056149158626794815
-0.002537510124966502
-0.009589898400008678
-0.009400934912264347
-0.0016551179578527808
0.018261974677443504
0.020651012659072876
0.01354463491588831
0.05776884779334068
0.02761566825211048
0.00664746668189764
0.01303173415362835
0.02150134928524494
0.02727823331952095
0.023593444377183914
-0.0003106509684585035
0.012336618266999722
-0.014266745187342167
0.029910225421190262
-0.013301681727170944
0.004346161149442196
-0.017965031787753105
-0.0017867175629362464
-0.004082961939275265
-0.01715518720448017
0.032096803188323975
-0.01818099059164524
-0.008766557089984417
0.019139304757118225
0.012559325434267521
0.01862640306353569
-0.036550942808389664
-0.020205598324537277
0.0002996843250002712
0.024403288960456848
-0.0041504488326609135
-0.011358057148754597
-0.02117741107940674
-0.0005647815996780992
0.0030554726254194975
-0.0391964316368103
-0.014604180119931698
-0.0007663989090360701
-0.008726065047085285
0.0020785985980182886
-0.01298449281603098
0.038305602967739105
0.0253211110830307
0.0021798291709274054
-0.019422750920057297
-0.012127408757805824
-0.019395755603909492
-0.00041441217763349414
0.010460480116307735
-0.0215553380548954
-0.024470776319503784
-0.045729171484708786